Width = 260.70287539936102236421725239616
Height = 225.77531293549582612114955505891
Slide length = 130.35143769968051118210862619808 